18746
43969
41326
57724
46561
56510
59201
16527
16589
50271
57521
14673
33987
3726
15813
414
19277
56519
58562
13931
47116
53110
56814
1564
50442
23145
48091
22821
44159
3129
48833
42403
14506
13034
27388
16665
51021
35416
42570
58097
5857
52459
51845
3975
42167
50388
46287
51795
39191
50112
11675
59082
54498
40177
59215
15132
13847
4872
33076
18424
52267
3446
20144
14758
46400
40494
35996
47416
4228
32709
43246
58675
29448
38005
11870
2832
38543
57707
52149
46197
23668
14142
59998
11821
33431
12449
27675
29089
34567
34835
18566
59260
10932
6947
35384
56452
45270
44227
45524
16248
8253
28198
16025
58011
29748
38589
19960
10998
16828
5744
1759
57506
19127
1488
738
54935
42875
27627
31456
50657
34338
49812
18714
19053
59519
39669
11743
11619
19237
47385
47529
15726
56906
30422
54888
12666
412
56015
55508
58855
57703
27096
46960
58161
30768
32303
35144
11364
6981
9377
52474
1272
20470
36789
15600
16996
37320
6227
42889
2439
19739
21464
19213
37092
47600
5055
15745
58455
1398
44346
8461
7928
45370
50226
8201
42389
53244
27084
55101
43907
18675
44881
28835
13703
50145
39555
5346
6918
57147
9777
12322
40380
58733
53322
54586
39508
7418
34225
26041
55458
4254
1956
35851
35167
8638
24037
6351
8900
49496
23513
20185
58451
57519
18724
17901
17701
36527
43750
40991
54272
53044
37518
56159
17322
51852
41728
18533
41315
8743
55191
49855
5306
57750
43954
28979
8352
53443
56880
38052
44927
9557
10589
58311
43176
10147
45436
7050
10722
48784
45800
18561
59408
54611
49252
34226
15936
3835
16790
47255
31197
38786
8376
55846
57463
46473
56167
15554
56810
14526
49430
939
6312
29810
20155
40145
6552
43013
56721
1007
58106
43034
29138
18162
58345
11606
13765
7460
55174
47085
44549
52622
3715
32487
24436
17921
16546
15306
50662
34544
34930
47707
40585
53815
1274
7389
59311
37692
43118
50692
40747
16943
30542
59816
17653
50804
15678
44370
59587
9841
53614
44567
55040
5937
31192
41104
31727
32752
14131
8291
19192
22365
54877
5435
52399
16798
32740
35099
11411
52601
5399
56800
27880
50062
41213
57602
43359
30640
27332
11590
42998
48272
10041
54638
58780
58659
53462
51229
846
160
31424
44236
59744
35124
12634
43090
40066
37804
57942
47299
51167
56064
36933
52596
58578
16210
42066
36264
23267
2255
44648
30180
47200
2303
17414
58069
46433
55765
12007
56718
9231
39455
46390
18015
53024
7606
1649
3544
6545
13756
32224
17508
32660
26956
26848
15269
2910
21190
24512
4587
16985
50153
16628
50626
59604
47989
2024
13585
51732
46396
13445
6194
39939
54054
48709
57082
9004
16067
35215
18107
16817
47504
43413
6103
59269
54612
57862
57279
26974
59545
13617
51829
2130
46274
52074
11229
51081
45921
17991
35543
54540
45402
14679
43339
8103
58519
51919
59016
35318
14387
6307
25692
18273
6297
18934
11055
23483
55691
16495
56587
20416
49651
44624
51924
3599
54988
30288
40815
59426
19006
16663
6809
39110
31958
55743
8573
54378
3457
17706
27833
49511
50472
50275
8377
21698
9899
3115
49877
54885
49253
9492
15050
42970
39359
37909
39373
49702
124
53874
25413
1204
52427
55345
17899
2061
40061
51048
6878
1192
26804
14004
44882
22678
17973
926
820
58743
39648
28026
53003
29817
33016
15886
13864
16279
28962
13242
29452
29727
43237
23834
30847
34861
7457
6469
52674
18577
55213
58752
46170
54953
520
17374
52460
34770
8599
17402
6722
15981
25761
52484
10653
13072
49971
12811
8524
39513
54029
1716
4852
36663
20501
5856
35723
34319
3853
41182
47577
2016
42804
11222
10792
51260
48987
22728
16860
13985
15762
6668
11657
13208
52834
16664
13990
55995
53955
42203
57301
46698
10495
56056
37441
21976
32924
8460
52224
11753
15544
18134
19676
56626
58322
41553
52508
14299
10905
55334
41983
13525
57727
9391
32090
21791
20157
59110
19269
43927
7946
6917
47507
58278
17939
14875
5313
55943
43804
53048
29643
44852
7593
2409
5562
49060
58063
59924
59065
7717
15012
18656
51257
54948
4119
41603
55503
27455
11533
15502
59630
19383
46490
4227
45984
59527
18599
31825
20886
798
8973
9041
12490
58771
19081
39113
8443
14948
39059
57842
18777
1350
10869
3467
50147
55358
31700
58879
54754
13264
7257
7513
16359
34662
15428
37183
12920
32145
47206
42254
25127
40418
16946
51411
31327
17181
14026
15639
37232
23813
55510
3299
44847
30186
29307
888
8967
20256
56226
29420
42253
30520
32730
2915
53381
14029
54090
44517
49627
10846
48117
5919
46737
54987
36571
32965
10129
51131
527
6850
25535
43665
34053
3792
12339
50667
17962
17885
45456
2651
8745
16278
55114
56888
54670
2459
41081
18433
57739
39023
22524
8756
43105
8993
28256
36829
18980
11578
40613
54428
56341
53973
47940
55266
22088
40159
5769
5188
24164
4430
12914
30668
25550
43736
18187
16640
7568
40819
49214
4115
769
11785
18302
54875
247
48491
21802
57802
48956
44823
14845
57103
58502
862
42456
8431
55609
46206
49414
33512
16471
869
18649
8122
37738
24069
17248
26308
53436
11480
40543
40830
52706
35908
27305
35605
35984
23940
58172
31676
51947
41101
26067
22515
58103
34496
58340
35070
36889
46124
18115
44707
24365
22193
6299
12461
17858
51124
43249
28096
37801
9588
54753
27778
56072
17046
36108
46143
29795
59993
55749
3008
16611
55466
20396
34052
49551
45539
54181
44711
11008
13557
37462
55793
34582
43029
34515
43154
55251
19048
38465
38652
23486
13539
53582
56388
41479
59331
15733
43313
12596
58050
32549
13454
49355
6990
41087
48268
40676
46425
49605
138
41131
16075
50174
14863
29315
15510
55785
11456
14437
46594
18986
11853
5294
3468
11046
3852
55227
53172
54470
38966
54615
50597
6741
3379
1836
47619
25204
45608
11805
49758
55441
47765
93
23036
3809
33507
45501
12243
25021
14497
35429
17417
19965
57725
6192
29136
6962
9333
135
4323
14556
24412
18501
25454
16915
16139
16251
14309
12873
33908
19936
9345
18990
19002
45190
30203
17375
16608
18648
19218
34684
30876
24166
25016
7294
50210
7379
29981
53794
7813
9416
40474
5528
37108
34600
18927
7701
45006
18557
53429
40276
37632
38882
14322
55302
23941
43252
19356
39208
7045
36745
8457
23928
49687
37293
47121
18177
56071
53841
3242
19069
5489
16053
58468
57340
59166
47952
46285
19545
4686
39903
53490
7550
37385
29475
42719
6049
8277
48428
35451
16923
52297
3932
25460
14980
2168
5483
53727
43751
30298
40753
42996
28468
22547
31415
36691
17634
23230
54897
38203
728
26465
7345
46626
10288
8169
50980
18067
57195
16079
23504
39825
59661
19979
12560
19819
39926
1919
31532
52057
58371
15344
11828
50094
56702
48324
53974
2929
37163
5335
56062
5874
38665
3612
8965
51102
48553
33634
48143
26802
23092
53635
47174
7912
52829
36759
23376
44934
7032
17194
14325
57489
16143
30274
4124
58133
26024
28048
46745
48834
45802
32633
7385
13870
59040
11874
9513
647
1539
2113
37682
13874
19374
55005
41401
28679
28402
18737
10841
2868
55529
42404
53657
58612
41291
58862
10212
55614
36302
18625
57858
9321
48680
59163
49529
59478
37766
6641
9058
42497
41474
5413
4875
44878
39025
17809
10176
26088
42760
53405
15299
46430
40410
50408
1220
37489
25316
28146
59517
48893
59562
50670
34428
18935
19412
41906
2226
38870
427
58225
16013
44958
22511
36662
35269
25304
19670
18468
47180
15734
27461
47294
11969
13422
50076
19020
4000
16449
42321
46047
6677
7646
30990
48031
18151
3188
15045
5273
8942
13673
52294
15786
50807
11133
12673
12235
48983
26567
36794
6117
37555
50936
48797
16277
5110
44204
44516
26248
3545
35243
10736
20333
15006
54878
5585
34316
6601
30968
21121
48175
30515
39325
46941
43098
52424
55407
10545
6269
14317
57324
8615
39384
43007
18125
29410
18214
33949
24861
50169
17334
57589
56961
40425
10673
48289
41831
41918
18308
16999
38067
34117
15235
40851
35589
55626
17491
16734
27328
44130
7222
45071
2549
18286
57102
52652
20703
32591
161
59014
41062
19324
44246
39336
43259
9942
59765
3965
3366
39818
31665
6698
19001
12124
1472
33114
4108
59439
36963
12284
40105
13733
34874
53486
7116
50362
1640
32084
17708
41940
34076
7578
56723
30868
30080
40280
32631
49112
1469
54147
22437
14104
54803
11138
33671
3262
44831
53609
13260
17072
3072
48280
44414
36641
13818
41764
58382
39687
53966
980
44118
14284
28923
55439
56971
48019
59595
15643
58633
29717
44392
57744
42479
7123
18921
56179
44432
32012
45870
48692
1977
41627
6905
11409
34605
55608
26604
7283
37099
9168
39973
54061
43555
13446
7500
19953
18697
18191
18466
47916
59281
6061
3399
27426
23544
35361
33197
34628
59714
5648
4851
28662
57641
17180
15432
49321
47453
2940
46981
310
17496
21108
23870
27568
19833
21630
19185
12121
34876
16222
16141
35891
54584
46042
57950
59775
14226
15953
37079
17622
4719
17473
30229
8224
21860
37448
58385
34583
19837
16918
10760
8229
50643
13730
9953
59770
18678
54581
50187
41623
656
54950
55121
28580
58734
44027
17078
49195
10844
48762
9470
5989
3111
10035
6231
32932
39339
42371
12804
59585
12195
49457
25852
53992
1172
17110
38977
50040
34057
34849
14487
44591
54153
18353
29528
53664
1942
34282
53059
14343
7024
23589
46969
17567
53302
5611
12165
4107
3280
58072
26927
1699
25141
47537
55269
33817
46513
11817
16771
10463
15087
52420
58326
19894
37485
12972
8193
53787
35424
4902
17855
28692
58536
57599
35164
26960
14022
27101
16310
35484
45798
57882
7148
53644
51090
51055
49367
54763
35708
41518
44131
59759
43866
57203
3709
31878
57920
14809
42522
41845
58803
13342
53411
2023
49088
9356
23232
14626
54864
29510
57714
55881
48969
58232
17426
2029
58177
9636
2644
6655
46110
17618
3083
29098
39076
1284
43627
4745
5151
15010
42327
18227
55109
14370
15661
28028
15637
31392
54773
18615
31819
55523
5258
55882
58826
50876
14399
37855
59465
12990
45343
45723
59161
3922
3941
43730
36325
14002
15173
42137
52733
18448
36851
59117
33523
35387
56576
52493
59366
14525
6378
8358
19105
9721
46537
56074
58179
12106
32047
31982
359
55660
13145
34367
46125
52259
16086
13607
53182
4344
53865
26344
18562
27960
10469
25061
43979
58718
42109
40054
15851
53209
5866
2175
43800
455
44691
5683
6956
54172
4296
46242
2469
51456
36
41422
49076
5275
4153
11010
30693
53681
16686
14944
59015
57969
59928
41714
33952
53382
33474
43073
23773
1534
39835
19843
9262
11412
16990
45922
56534
26941
42775
8758
6477
7972
40106
41943
7147
28320
56221
54943
1879
32574
42110
59038
4466
7486
15297
13154
32827
58018
52243
40701
18706
18883
53720
51903
28126
14915
45380
32914
15834
44324
55763
42350
57787
42393
16803
58938
32916
52264
12661
31124
35794
19191
57314
46
22800
8124
37493
34687
57042
12923
25997
37231
28299
3213
19096
15476
14774
3562
33682
8077
56219
46794
26597
48187
49610
4243
5888
23023
24850
36655
54660
13249
41766
2612
11863
52244
49053
15195
59321
17035
54526
47167
7728
38303
27264
40385
11004
32882
3127
451
43698
58366
57605
49682
18410
29075
29277
31444
6539
40638
16928
38332
59971
570
58415
58756
12952
40938
8927
16374
13543
8213
22426
3968
1461
23088
57825
52714
46030
27871
39933
15288
54657
21935
57299
10286
15657
9263
54779
48500
39060
47644
12995
53543
40175
31556
46451
16692
51325
4544
20834
8210
40919
5337
41960
33211
24843
54873
39905
57587
55338
54401
56455
1460
27718
34127
35372
18507
4831
56223
57091
55532
40164
48550
19196
14727
57451
58423
14250
44657
24617
42795
54799
41735
57542
23999
32582
52846
11685
59258
28784
34498
2134
695
18578
23809
35248
46154
27267
17746
32245
7662
20704
52280
15448
53389
42273
25040
41302
9917
13827
24270
11049
18498
1798
54290
56836
53340
30210
48026
55144
40078
56569
10020
698
18982
19311
57074
40429
43171
2762
55226
20484
6671
10408
11261
25139
6537
38418
39635
39484
16022
53485
23507
50188
2608
25399
3680
37226
28736
38553
32132
25393
8401
16786
43427
19264
4761
1276
13534
6886
54329
19621
24709
35073
26356
25619
14794
17758
2575
50279
12705
36594
57991
54728
32744
48542
15805
58663
18689
55643
56410
59735
58730
48870
38683
50267
49892
34532
58117
27274
8696
55402
7637
55927
41855
29690
5650
51071
27936
1846
22113
45724
46736
53505
3088
16612
58436
27962
27323
41445
